schema_version,actor_ref,artifact_id,observation_id,artifact_type,value,normalized_value,disposition,observed_at,observed_at_precision,observed_at_status,observed_at_basis,source_published_at,source_id,source_path,source_location,campaign_refs,malware_refs,infrastructure_refs,roles,campaign_count,seen_in_multiple_campaigns,confidence,tlp,extraction_method,context_excerpt,analyst_notes
1.0.0,actor--ta551,artifact--sha256:bcea0e64f8dfc3b36c7a763ffc7cedda3bc9cfd0344cc44b483ac45ba6d93f3f,observation--sha256:38568d15a92ec6c33c06cc38dc01d621b3fa2b7ab1b210c48dd1e8ff63fde0ec,command,"summary/2021/2021-Threat-Detection-Report.pdf {""page"": 28} TA551 nt in files with any extension (or none at all) as long as the file extension is not mapped to a text/plain MIME type (e.g., Mshta will not execute a file with a .txt extension). To further disguise Mshta execution, TA551 renamed the binary in attempts to evade detection logic, which relied on Mshta executing with its expected filename of mshta.exe . T1218.005: MSHTA “Adversaries may abuse mshta.exe to proxy execution of malicious .","summary/2021/2021-Threat-Detection-Report.pdf {""page"": 28} TA551 nt in files with any extension (or none at all) as long as the file extension is not mapped to a text/plain MIME type (e.g., Mshta will not execute a file with a .txt extension). To further disguise Mshta execution, TA551 renamed the binary in attempts to evade detection logic, which relied on Mshta executing with its expected filename of mshta.exe . T1218.005: MSHTA “Adversaries may abuse mshta.exe to proxy execution of malicious",candidate,,unknown,unknown,not-stated,,source--ta551--a793ec3f0d3326bb,actor_profile/evidence/ta551.csv,"{""row"": 7}",[],[],[],[],0,false,medium,TLP:CLEAR,csv-row,"summary/2021/2021-Threat-Detection-Report.pdf {""page"": 28} TA551 nt in files with any extension (or none at all) as long as the file extension is not mapped to a text/plain MIME type (e.g., Mshta will not execute a file with a .txt extension). To further disguise Mshta execution, TA551 renamed the binary in attempts to evade detection logic, which relied on Mshta executing with its expected filename of mshta.exe . T1218.005: MSHTA “Adversaries may abuse mshta.exe to proxy execution of malicious ",
1.0.0,actor--ta551,artifact--sha256:e98eb5ac4e0ead628796989b97d239ed6e67f3cc63750ed7761da75a9f5680e6,observation--sha256:62ee836e518d6135c6392b2751cf08c4606f0f2d6ec4d68fb472bdcb23d15c77,command,"summary/2021/2021-Threat-Detection-Report.pdf {""page"": 30} TA551 Microsoft Word document that executes a malicious HTA file. Given that there are very few cases in which Word should be spawning Mshta, it makes sense to alert when winword.exe spawns mshta.exe. In 2020, we observed TA551 delivering weaponized Word documents that executed Mshta as a child process (note that in this case Mshta was renamed to calc[.]com —more on that below): Mshta masquerading As is illustrated in the image above (whe","summary/2021/2021-Threat-Detection-Report.pdf {""page"": 30} TA551 Microsoft Word document that executes a malicious HTA file. Given that there are very few cases in which Word should be spawning Mshta, it makes sense to alert when winword.exe spawns mshta.exe. In 2020, we observed TA551 delivering weaponized Word documents that executed Mshta as a child process (note that in this case Mshta was renamed to calc.com —more on that below): Mshta masquerading As is illustrated in the image above (whe",candidate,,unknown,unknown,not-stated,,source--ta551--a793ec3f0d3326bb,actor_profile/evidence/ta551.csv,"{""row"": 9}",[],[],[],[],0,false,medium,TLP:CLEAR,csv-row,"summary/2021/2021-Threat-Detection-Report.pdf {""page"": 30} TA551 Microsoft Word document that executes a malicious HTA file. Given that there are very few cases in which Word should be spawning Mshta, it makes sense to alert when winword.exe spawns mshta.exe. In 2020, we observed TA551 delivering weaponized Word documents that executed Mshta as a child process (note that in this case Mshta was renamed to calc[.]com —more on that below): Mshta masquerading As is illustrated in the image above (wh",
1.0.0,actor--ta551,artifact--sha256:afb28fe6e549a0746516387bd9de6f2a900ac9ce8fc4d9320ffd009d2137c5cc,observation--sha256:11c4aea260a153705342c3111c6e3818b689f313d0f11529d322594bd29ff583,command,"summary/2021/2021-Threat-Detection-Report.pdf {""page"": 60} TA551 such that u can equal util.exe and cert%u% then executes as certutil.exe , effectively evading certain signature-based controls Since interpolation is nuanced, we’ve included the following image of commands used by TA551 as an illustrative example of what is described in the last bullet above. drop.tmp is the DLL installer for the follow-on IcedID payload. Substrings Our next most common flavor of obfuscation involves the use of sub","summary/2021/2021-Threat-Detection-Report.pdf {""page"": 60} TA551 such that u can equal util.exe and cert%u% then executes as certutil.exe , effectively evading certain signature-based controls Since interpolation is nuanced, we’ve included the following image of commands used by TA551 as an illustrative example of what is described in the last bullet above. drop.tmp is the DLL installer for the follow-on IcedID payload. Substrings Our next most common flavor of obfuscation involves the use of sub",candidate,,unknown,unknown,not-stated,,source--ta551--a793ec3f0d3326bb,actor_profile/evidence/ta551.csv,"{""row"": 10}",[],[],[],[],0,false,medium,TLP:CLEAR,csv-row,"summary/2021/2021-Threat-Detection-Report.pdf {""page"": 60} TA551 such that u can equal util.exe and cert%u% then executes as certutil.exe , effectively evading certain signature-based controls Since interpolation is nuanced, we’ve included the following image of commands used by TA551 as an illustrative example of what is described in the last bullet above. drop.tmp is the DLL installer for the follow-on IcedID payload. Substrings Our next most common flavor of obfuscation involves the use of su",
1.0.0,actor--ta551,artifact--sha256:67e9894df97a2b12b617fb7799ff3ddaf8cdeb58756989692ca69c2531bb5b9a,observation--sha256:7a8819f94d5ca70db6fa02625a978d6c446914e7413354dcdd0ba005c2e91bf4,command,"summary/2022/2021 Adversary Infrastructure Report.pdf {""page"": 3} TA551 59 COBAL T ILLUSION Metasploit 710 1122 JointWorm (EVILNUM), Turla Powershell Empire 269 289 Sandworm, GADOLINIUM Covenant 180 51 GreenBug , FIN12 PupyRAT 177 454 MuddyWater , TA505 Sliver 169 27 WellMess Operators , TA551 Mythic 163 28 N/A Koadic 109 19 Sofacy PoshC2 103 12 UNC1945 Table 2: Most common offensive security tools by C2 servers detected in 2021 CYBER THREAT ANALYSIS","summary/2022/2021 Adversary Infrastructure Report.pdf {""page"": 3} TA551 59 COBAL T ILLUSION Metasploit 710 1122 JointWorm (EVILNUM), Turla Powershell Empire 269 289 Sandworm, GADOLINIUM Covenant 180 51 GreenBug , FIN12 PupyRAT 177 454 MuddyWater , TA505 Sliver 169 27 WellMess Operators , TA551 Mythic 163 28 N/A Koadic 109 19 Sofacy PoshC2 103 12 UNC1945 Table 2: Most common offensive security tools by C2 servers detected in 2021 CYBER THREAT ANALYSIS",candidate,,unknown,unknown,not-stated,,source--ta551--a793ec3f0d3326bb,actor_profile/evidence/ta551.csv,"{""row"": 13}",[],[],[],[],0,false,medium,TLP:CLEAR,csv-row,"summary/2022/2021 Adversary Infrastructure Report.pdf {""page"": 3} TA551 59 COBAL T ILLUSION Metasploit 710 1122 JointWorm (EVILNUM), Turla Powershell Empire 269 289 Sandworm, GADOLINIUM Covenant 180 51 GreenBug , FIN12 PupyRAT 177 454 MuddyWater , TA505 Sliver 169 27 WellMess Operators , TA551 Mythic 163 28 N/A Koadic 109 19 Sofacy PoshC2 103 12 UNC1945 Table 2: Most common offensive security tools by C2 servers detected in 2021 CYBER THREAT ANALYSIS",
1.0.0,actor--ta551,artifact--sha256:9b559fb448aaf0547c1e437df0bc93117b79e57afc2828d666f81a010487034a,observation--sha256:7d2511a6f781bafd4bb7e3058a9a4e4a3beb4c3d821fbfdfbed7cacc6b150573,command,"summary/2023/group-ib-hi-tech-crime-trends-2022-2023-ru.pdf {""page"": 49} TA551 ью ботов злоумышленники загружали фрей - мворки Cobalt Strike и PowerShell Empire. Однако некоторые из них начали экспериментировать с менее распространенным ВПО, чтобы снизить риск обнаружения. К примеру, группировка TA551 использовала программу на основе Sliver, кроссплатформенного фреймворка с открытым исходным кодом для эмуляции действий злоумышленника. Другой пример – загрузка инструментов на основе троянов удален - ного доступа (R","summary/2023/group-ib-hi-tech-crime-trends-2022-2023-ru.pdf {""page"": 49} TA551 ью ботов злоумышленники загружали фрей - мворки Cobalt Strike и PowerShell Empire. Однако некоторые из них начали экспериментировать с менее распространенным ВПО, чтобы снизить риск обнаружения. К примеру, группировка TA551 использовала программу на основе Sliver, кроссплатформенного фреймворка с открытым исходным кодом для эмуляции действий злоумышленника. Другой пример – загрузка инструментов на основе троянов удален - ного доступа (R",candidate,,unknown,unknown,not-stated,,source--ta551--a793ec3f0d3326bb,actor_profile/evidence/ta551.csv,"{""row"": 21}",[],[],[],[],0,false,medium,TLP:CLEAR,csv-row,"summary/2023/group-ib-hi-tech-crime-trends-2022-2023-ru.pdf {""page"": 49} TA551 ью ботов злоумышленники загружали фрей - мворки Cobalt Strike и PowerShell Empire. Однако некоторые из них начали экспериментировать с менее распространенным ВПО, чтобы снизить риск обнаружения. К примеру, группировка TA551 использовала программу на основе Sliver, кроссплатформенного фреймворка с открытым исходным кодом для эмуляции действий злоумышленника. Другой пример – загрузка инструментов на основе троянов удале",
1.0.0,actor--ta551,artifact--sha256:53156c2869a77396abcf7e97823cca924b7dcf1780a16121c751f3924d27560f,observation--sha256:607d0d3c0a4b06beba39b30b5652f13b16a18a34c5e65344ba22d5e953e66947,file-name,2020_JPCERT_en.pdf,2020_JPCERT_en.pdf,candidate,,unknown,unknown,not-stated,,source--ta551--a793ec3f0d3326bb,actor_profile/evidence/ta551.csv,"{""row"": 12}",[],[],[],[],0,false,medium,TLP:CLEAR,csv-row,"summary/2021/Looking back on the incidents in 2020_JPCERT_en.pdf {""page"": 28} Shathak lligence Topic Title C A Picture of Business Email Compromise Triggered by A Security Breach at Business Partners D/A What was Discovered through Emotet Campaign Observation in Japan D Grasping a Big Picture of Shathak Attack Campaign D Threat Hunting of Attack Campaign Targeting Cryptocurrency Service Providers D GhostDNSbusters : Tracking and Responding to a Large Scale DNS Hijacking Campaign",
1.0.0,actor--ta551,artifact--sha256:64ff63d8916bdb9cf04aff83e67926896187be54043c4e837c573f8bdf75176f,observation--sha256:40f26ea5d6a799b8511fbc632b1657bc35ee4f9b96d06bd799f5f327586cf0c3,file-name,2021-Threat-Detection-Report.pdf,2021-Threat-Detection-Report.pdf,candidate,,unknown,unknown,not-stated,,source--ta551--a793ec3f0d3326bb,actor_profile/evidence/ta551.csv,"{""row"": 10}",[],[],[],[],0,false,medium,TLP:CLEAR,csv-row,"summary/2021/2021-Threat-Detection-Report.pdf {""page"": 60} TA551 such that u can equal util.exe and cert%u% then executes as certutil.exe , effectively evading certain signature-based controls Since interpolation is nuanced, we’ve included the following image of commands used by TA551 as an illustrative example of what is described in the last bullet above. drop.tmp is the DLL installer for the follow-on IcedID payload. Substrings Our next most common flavor of obfuscation involves the use of su",
1.0.0,actor--ta551,artifact--sha256:64ff63d8916bdb9cf04aff83e67926896187be54043c4e837c573f8bdf75176f,observation--sha256:7c4532af380b3d578fea2981305a0bbf63cc4612935b103db8e142b96f891c0d,file-name,2021-Threat-Detection-Report.pdf,2021-Threat-Detection-Report.pdf,candidate,,unknown,unknown,not-stated,,source--ta551--a793ec3f0d3326bb,actor_profile/evidence/ta551.csv,"{""row"": 11}",[],[],[],[],0,false,medium,TLP:CLEAR,csv-row,"summary/2021/2021-Threat-Detection-Report.pdf {""page"": 78} TA551 tly across our customers in 2020. In order to combat the skewing effects of a major malware outbreak in a single environment, we ranked these threats by number of customer organizations affected. 1 6 2 7 3 8 4 9 5 10 TA551 Cobalt Strike Qbot IcedID Mimikatz Shlayer Dridex Emotet TrickBot Gamarue 15.5% of customers affected 11.6% 8.7% 7.8% 6.2% 6% 5.8% 5.8% 5.1% 5% l Top Threats",
1.0.0,actor--ta551,artifact--sha256:64ff63d8916bdb9cf04aff83e67926896187be54043c4e837c573f8bdf75176f,observation--sha256:493d7ae64b61bb15b77fa39c3a275967815d5a24fa9b57267ad27287fe66fe05,file-name,2021-Threat-Detection-Report.pdf,2021-Threat-Detection-Report.pdf,candidate,,unknown,unknown,not-stated,,source--ta551--a793ec3f0d3326bb,actor_profile/evidence/ta551.csv,"{""row"": 7}",[],[],[],[],0,false,medium,TLP:CLEAR,csv-row,"summary/2021/2021-Threat-Detection-Report.pdf {""page"": 28} TA551 nt in files with any extension (or none at all) as long as the file extension is not mapped to a text/plain MIME type (e.g., Mshta will not execute a file with a .txt extension). To further disguise Mshta execution, TA551 renamed the binary in attempts to evade detection logic, which relied on Mshta executing with its expected filename of mshta.exe . T1218.005: MSHTA “Adversaries may abuse mshta.exe to proxy execution of malicious ",
1.0.0,actor--ta551,artifact--sha256:64ff63d8916bdb9cf04aff83e67926896187be54043c4e837c573f8bdf75176f,observation--sha256:e48ec7143d621f0e5fab0a29428da99858146cac66ea3b134ccb647633fb3e70,file-name,2021-Threat-Detection-Report.pdf,2021-Threat-Detection-Report.pdf,candidate,,unknown,unknown,not-stated,,source--ta551--a793ec3f0d3326bb,actor_profile/evidence/ta551.csv,"{""row"": 8}",[],[],[],[],0,false,medium,TLP:CLEAR,csv-row,"summary/2021/2021-Threat-Detection-Report.pdf {""page"": 2} TA551 64 #9 T1569 System Services 69 T1569.002 Service Execution 70 #10 T1036 Masquerading 73 T1036.003 Rename System Utilities 74 #1 TA551 79 #2 Cobalt Strike 84 #3 Qbot 88 #4 IcedID 92 #5 Mimikatz 96 #6 Shlayer 100 #7 Dridex 103 #8 Emotet 107 #9 TrickBot",
1.0.0,actor--ta551,artifact--sha256:64ff63d8916bdb9cf04aff83e67926896187be54043c4e837c573f8bdf75176f,observation--sha256:140c26a6719c28565768550c431b72e5a794f09619398303889925056978b0f5,file-name,2021-Threat-Detection-Report.pdf,2021-Threat-Detection-Report.pdf,candidate,,unknown,unknown,not-stated,,source--ta551--a793ec3f0d3326bb,actor_profile/evidence/ta551.csv,"{""row"": 9}",[],[],[],[],0,false,medium,TLP:CLEAR,csv-row,"summary/2021/2021-Threat-Detection-Report.pdf {""page"": 30} TA551 Microsoft Word document that executes a malicious HTA file. Given that there are very few cases in which Word should be spawning Mshta, it makes sense to alert when winword.exe spawns mshta.exe. In 2020, we observed TA551 delivering weaponized Word documents that executed Mshta as a child process (note that in this case Mshta was renamed to calc[.]com —more on that below): Mshta masquerading As is illustrated in the image above (wh",
1.0.0,actor--ta551,artifact--sha256:6189ae5ce181e028946daac638b3df15ad8452edaf17f607ffb9a93ea57db912,observation--sha256:490d588f8006eed3480ba50b9a7c646c9bb63d21ba2a1993a8c8960ef98cc988,file-name,Operations.xlsx,Operations.xlsx,candidate,,unknown,unknown,not-stated,,source--ta551--a793ec3f0d3326bb,actor_profile/evidence/ta551.csv,"{""row"": 2}",[],[],[],[],0,false,medium,TLP:CLEAR,csv-row,"APT Groups and Operations.xlsx {""row"": 25, ""sheet"": ""Russia""} Shathak TA551 Shathak IcedID, Valak, Sliver https://unit42.paloaltonetworks.com/valak-evolution/ https://isc.sans.edu/diary/rss/26438 https://isc.sans.edu/forums/diary/More+TA551+Shathak+Word+docs+push+IcedID+Bokbot/26674 https://unit42.palo",
1.0.0,actor--ta551,artifact--sha256:6189ae5ce181e028946daac638b3df15ad8452edaf17f607ffb9a93ea57db912,observation--sha256:28375885202e96bb0adf928cfac064d0031f579d91408cbefe3992ff58e5bbe9,file-name,Operations.xlsx,Operations.xlsx,candidate,,unknown,unknown,not-stated,,source--ta551--a793ec3f0d3326bb,actor_profile/evidence/ta551.csv,"{""row"": 3}",[],[],[],[],0,false,medium,TLP:CLEAR,csv-row,"APT Groups and Operations.xlsx {""row"": 25, ""sheet"": ""Russia""} Shathak TA551 Shathak IcedID, Valak, Sliver https://unit42.paloaltonetworks.com/valak-evolution/ https://isc.sans.edu/diary/rss/26438 https://isc.sans.edu/forums/diary/More+TA551+Shathak+Word+docs+push+IcedID+Bokbot/26674 https://unit42.paloaltonetworks.com/ta551-shathak-icedid/ https://threatresearch.ext.hp.com/detecting-ta551-domains/ https://www.proofpoint.com/us/blog/security-briefs/ta551-uses-slive",
1.0.0,actor--ta551,artifact--sha256:6189ae5ce181e028946daac638b3df15ad8452edaf17f607ffb9a93ea57db912,observation--sha256:0f375a79b179f673e758aa097c8fba87741df20ba05ad880aafc38c438942830,file-name,Operations.xlsx,Operations.xlsx,candidate,,unknown,unknown,not-stated,,source--ta551--a793ec3f0d3326bb,actor_profile/evidence/ta551.csv,"{""row"": 4}",[],[],[],[],0,false,medium,TLP:CLEAR,csv-row,"APT Groups and Operations.xlsx {""row"": 25, ""sheet"": ""Russia""} TA551 TA551 Shathak IcedID, Valak, Sliver https://unit42.paloaltonetworks.com/valak-evolution/ https://isc.sans.edu/diary/rss/26438 https://isc.sans.edu/forums/diary/More+TA551+Shathak+Word+docs+push+IcedID+Bokbot/26674 https://uni",
1.0.0,actor--ta551,artifact--sha256:6189ae5ce181e028946daac638b3df15ad8452edaf17f607ffb9a93ea57db912,observation--sha256:019ca8d5ca3b83e7e9aed1d5d5e7f2ef882cf422bd37d0c3c7feb245097a6e08,file-name,Operations.xlsx,Operations.xlsx,candidate,,unknown,unknown,not-stated,,source--ta551--a793ec3f0d3326bb,actor_profile/evidence/ta551.csv,"{""row"": 5}",[],[],[],[],0,false,medium,TLP:CLEAR,csv-row,"APT Groups and Operations.xlsx {""row"": 25, ""sheet"": ""Russia""} TA551 TA551 Shathak IcedID, Valak, Sliver https://unit42.paloaltonetworks.com/valak-evolution/ https://isc.sans.edu/diary/rss/26438 https://isc.sans.edu/forums/diary/More+TA551+Shathak+Word+docs+push+IcedID+Bokbot/26674 https://unit42.paloaltonetworks.com/ta551-shathak-icedid/ https://threatresearch.ext.hp.com/detecting-ta551-domains/ https://www.proofpoint.com/us/blog/security-briefs/ta551-us",
1.0.0,actor--ta551,artifact--sha256:6189ae5ce181e028946daac638b3df15ad8452edaf17f607ffb9a93ea57db912,observation--sha256:236fc7e8ea3eded5a16bd4e9325f06d6e6384fd31ed6fcd3d5bee487977b16ea,file-name,Operations.xlsx,Operations.xlsx,candidate,,unknown,unknown,not-stated,,source--ta551--a793ec3f0d3326bb,actor_profile/evidence/ta551.csv,"{""row"": 6}",[],[],[],[],0,false,medium,TLP:CLEAR,csv-row,"APT Groups and Operations.xlsx {""row"": 25, ""sheet"": ""Russia""} ta551 liver https://unit42.paloaltonetworks.com/valak-evolution/ https://isc.sans.edu/diary/rss/26438 https://isc.sans.edu/forums/diary/More+TA551+Shathak+Word+docs+push+IcedID+Bokbot/26674 https://unit42.paloaltonetworks.com/ta551-shathak-icedid/ https://threatresearch.ext.hp.com/detecting-ta551-domains/ https://www.proofpoint.com/us/blog/security-briefs/ta551-uses-sliver-red-team-tool-new-activity",
1.0.0,actor--ta551,artifact--sha256:f995185f572984deea7588de4cd2c0fb473c79b4efb06e43a613bd0dc59c097b,observation--sha256:567211b7b6abd5128498ce72cc98e5c76cdd3869d7c17d805d2ecff9ae9cc89b,file-name,Report.pdf,Report.pdf,candidate,,unknown,unknown,not-stated,,source--ta551--a793ec3f0d3326bb,actor_profile/evidence/ta551.csv,"{""row"": 13}",[],[],[],[],0,false,medium,TLP:CLEAR,csv-row,"summary/2022/2021 Adversary Infrastructure Report.pdf {""page"": 3} TA551 59 COBAL T ILLUSION Metasploit 710 1122 JointWorm (EVILNUM), Turla Powershell Empire 269 289 Sandworm, GADOLINIUM Covenant 180 51 GreenBug , FIN12 PupyRAT 177 454 MuddyWater , TA505 Sliver 169 27 WellMess Operators , TA551 Mythic 163 28 N/A Koadic 109 19 Sofacy PoshC2 103 12 UNC1945 Table 2: Most common offensive security tools by C2 servers detected in 2021 CYBER THREAT ANALYSIS",
1.0.0,actor--ta551,artifact--sha256:f995185f572984deea7588de4cd2c0fb473c79b4efb06e43a613bd0dc59c097b,observation--sha256:8be69b462fc3b11858fe48aa6c622c7ca2dc8b1f116d6f49ffed99470ffa3047,file-name,Report.pdf,Report.pdf,candidate,,unknown,unknown,not-stated,,source--ta551--a793ec3f0d3326bb,actor_profile/evidence/ta551.csv,"{""row"": 14}",[],[],[],[],0,false,medium,TLP:CLEAR,csv-row,"summary/2022/2021 Adversary Infrastructure Report.pdf {""page"": 4} Shathak n the loader and botnet market. Despite frequent breaks, the botnet was one of the most prolific and profitable threats in 2019 and 2020. Although other operations, such as TR distributor (ChaseLdr, TA577) or TA551 ( Shathak ), attempted to fill the spam gap left by Emotet’s months-long disappearance, TrickBot, QakBot, Bazar, IcedID, and Dridex all continued onward. All of them have been observed acting as precursors to ra",
1.0.0,actor--ta551,artifact--sha256:f995185f572984deea7588de4cd2c0fb473c79b4efb06e43a613bd0dc59c097b,observation--sha256:e6eeca302ae9a6f62ead8d13e4d84befe225195e1838ce9d29a225f7ad728416,file-name,Report.pdf,Report.pdf,candidate,,unknown,unknown,not-stated,,source--ta551--a793ec3f0d3326bb,actor_profile/evidence/ta551.csv,"{""row"": 15}",[],[],[],[],0,false,medium,TLP:CLEAR,csv-row,"summary/2022/2021 Adversary Infrastructure Report.pdf {""page"": 4} TA551 a void in the loader and botnet market. Despite frequent breaks, the botnet was one of the most prolific and profitable threats in 2019 and 2020. Although other operations, such as TR distributor (ChaseLdr, TA577) or TA551 ( Shathak ), attempted to fill the spam gap left by Emotet’s months-long disappearance, TrickBot, QakBot, Bazar, IcedID, and Dridex all continued onward. All of them have been observed acting as precursors",
1.0.0,actor--ta551,artifact--sha256:5cbae19feb10df1c0cbef7e3f691198b667b1ecc4eadf990ec6ef13b51997a8d,observation--sha256:d1393b1d09324472d4f6317f4d2682cd3101af7ded8620d9228c7238277523ff,file-name,certutil.exe,certutil.exe,candidate,,unknown,unknown,not-stated,,source--ta551--a793ec3f0d3326bb,actor_profile/evidence/ta551.csv,"{""row"": 10}",[],[],[],[],0,false,medium,TLP:CLEAR,csv-row,"summary/2021/2021-Threat-Detection-Report.pdf {""page"": 60} TA551 such that u can equal util.exe and cert%u% then executes as certutil.exe , effectively evading certain signature-based controls Since interpolation is nuanced, we’ve included the following image of commands used by TA551 as an illustrative example of what is described in the last bullet above. drop.tmp is the DLL installer for the follow-on IcedID payload. Substrings Our next most common flavor of obfuscation involves the use of su",
1.0.0,actor--ta551,artifact--sha256:8b9357e36aa811c9793caa7a4227fc5f667577e7efac64685c705270e6a8ad69,observation--sha256:67fd6c6fb6f98412afa9b14a54929304f594a2b66e063eac94cfa8d3a669c30c,file-name,drop.tmp,drop.tmp,candidate,,unknown,unknown,not-stated,,source--ta551--a793ec3f0d3326bb,actor_profile/evidence/ta551.csv,"{""row"": 10}",[],[],[],[],0,false,medium,TLP:CLEAR,csv-row,"summary/2021/2021-Threat-Detection-Report.pdf {""page"": 60} TA551 such that u can equal util.exe and cert%u% then executes as certutil.exe , effectively evading certain signature-based controls Since interpolation is nuanced, we’ve included the following image of commands used by TA551 as an illustrative example of what is described in the last bullet above. drop.tmp is the DLL installer for the follow-on IcedID payload. Substrings Our next most common flavor of obfuscation involves the use of su",
1.0.0,actor--ta551,artifact--sha256:b3506e16166a86ca44c9e40a03ebadcbf3573d599e504b21bad9fc9e3e1a4e47,observation--sha256:4deca5fa06ac0b004e290695270c3d89cb1ebd834822903da4ee2b34ac73bd6e,file-name,group-ib-hi-tech-crime-trends-2022-2023-ru.pdf,group-ib-hi-tech-crime-trends-2022-2023-ru.pdf,candidate,,unknown,unknown,not-stated,,source--ta551--a793ec3f0d3326bb,actor_profile/evidence/ta551.csv,"{""row"": 21}",[],[],[],[],0,false,medium,TLP:CLEAR,csv-row,"summary/2023/group-ib-hi-tech-crime-trends-2022-2023-ru.pdf {""page"": 49} TA551 ью ботов злоумышленники загружали фрей - мворки Cobalt Strike и PowerShell Empire. Однако некоторые из них начали экспериментировать с менее распространенным ВПО, чтобы снизить риск обнаружения. К примеру, группировка TA551 использовала программу на основе Sliver, кроссплатформенного фреймворка с открытым исходным кодом для эмуляции действий злоумышленника. Другой пример – загрузка инструментов на основе троянов удале",
1.0.0,actor--ta551,artifact--sha256:b3506e16166a86ca44c9e40a03ebadcbf3573d599e504b21bad9fc9e3e1a4e47,observation--sha256:180af66fc5c9dd5784046bd86e7f506dc37695a0c11fe25757539698e74f8bd3,file-name,group-ib-hi-tech-crime-trends-2022-2023-ru.pdf,group-ib-hi-tech-crime-trends-2022-2023-ru.pdf,candidate,,unknown,unknown,not-stated,,source--ta551--a793ec3f0d3326bb,actor_profile/evidence/ta551.csv,"{""row"": 22}",[],[],[],[],0,false,medium,TLP:CLEAR,csv-row,"summary/2023/group-ib-hi-tech-crime-trends-2022-2023-ru.pdf {""page"": 50} TA551 ма со ссылками на легитимные страницы Google, которые использовались для хранения вредоносных файлов. Помимо этого, операторы BazarLoader прибегали к более традици - онным методам. К примеру, они вместе с группировкой TA551 распространяли свой бот с помощью вредоносных документов Microsoft Office. • Участники партнерских программ REvil, DoppelPaymer и Conti использовали Qakbot. В основном он распространялся посредство",
1.0.0,actor--ta551,artifact--sha256:b3506e16166a86ca44c9e40a03ebadcbf3573d599e504b21bad9fc9e3e1a4e47,observation--sha256:b8ec9829ce5bb2d81fa2a5d714ee2d58cf6d3d48f00f9e681e5e19a6d331b89c,file-name,group-ib-hi-tech-crime-trends-2022-2023-ru.pdf,group-ib-hi-tech-crime-trends-2022-2023-ru.pdf,candidate,,unknown,unknown,not-stated,,source--ta551--a793ec3f0d3326bb,actor_profile/evidence/ta551.csv,"{""row"": 23}",[],[],[],[],0,false,medium,TLP:CLEAR,csv-row,"summary/2023/group-ib-hi-tech-crime-trends-2022-2023-ru.pdf {""page"": 50} TA551 использовать такие серверы для массового распространения спама. • Как уже упоминалось выше, операторы IcedID тоже сотруд- ничали со многими участниками партнерских программ. В основном бот распространялся группировкой TA551 с помощью вредоносных документов Microsoft Word. Также злоумышленники упаковывали вредоносные JS-файлы в архив и рассылали целевые фишинговые письма. • Операторы Trickbot сотрудничали с группировко",
1.0.0,actor--ta551,artifact--sha256:b3506e16166a86ca44c9e40a03ebadcbf3573d599e504b21bad9fc9e3e1a4e47,observation--sha256:891d5089b2113ecc3a9f7c0cc650d14504e1143dc37ed7b65a7ace7629ec8f20,file-name,group-ib-hi-tech-crime-trends-2022-2023-ru.pdf,group-ib-hi-tech-crime-trends-2022-2023-ru.pdf,candidate,,unknown,unknown,not-stated,,source--ta551--a793ec3f0d3326bb,actor_profile/evidence/ta551.csv,"{""row"": 24}",[],[],[],[],0,false,medium,TLP:CLEAR,csv-row,"summary/2023/group-ib-hi-tech-crime-trends-2022-2023-ru.pdf {""page"": 50} TA551 уппировкой TA551 с помощью вредоносных документов Microsoft Word. Также злоумышленники упаковывали вредоносные JS-файлы в архив и рассылали целевые фишинговые письма. • Операторы Trickbot сотрудничали с группировкой TA551, чтобы распространять ВПО после ликвидации Emotet. Одной из тактик была рассылка фишинговых писем с вредоносными документами. В большинстве случаев этот бот использовали партнеры Conti и Diavol для п",
1.0.0,actor--ta551,artifact--sha256:bdd1e2876da4ed33bf93a157c3ec735ef6a415a5888dd387c720b5ade0e91b85,observation--sha256:6afdec811847fb2f5f0b8d02828b3fa76cc5f7a5c38bd4aac5369d9f7e6bcefa,file-name,handbook-2022.pdf,handbook-2022.pdf,candidate,,unknown,unknown,not-stated,,source--ta551--a793ec3f0d3326bb,actor_profile/evidence/ta551.csv,"{""row"": 16}",[],[],[],[],0,false,medium,TLP:CLEAR,csv-row,"summary/2022/APT group Intelligence Research handbook-2022.pdf {""page"": 14} TA551 63 个组织中有 14 个以此为活动目标，主要的表现形式为勒索、挖矿，比较新型的获益形式则是出售受 害目标单位的访问权限，如 UNC1945 组织和 TA547 组织，这类组织在获取受害单 位权限前后表现出截然不同的攻击技术手段以及攻击意图的差别。 ● 恶意软件即服务（MaaS）在APT 组织中逐渐流行，除了降低 APT 组织攻击成本之外 还加大了攻击者归因的难度。以 TA 系列组织为例包括： TA569、TA800、TA577、 TA551、TA570 等 ，在初始阶段使用 Trick、Dridex、Qbot、IcedID、ZLoader、",
1.0.0,actor--ta551,artifact--sha256:bdd1e2876da4ed33bf93a157c3ec735ef6a415a5888dd387c720b5ade0e91b85,observation--sha256:72a6ed4e821cd6be7db2344fa11e1b122954bc47dd0b4fade933fbb102e10692,file-name,handbook-2022.pdf,handbook-2022.pdf,candidate,2021-01-07T00:00:00Z,day,known,same-record,,source--ta551--a793ec3f0d3326bb,actor_profile/evidence/ta551.csv,"{""row"": 17}",[],[],[],[],0,false,medium,TLP:CLEAR,csv-row,"summary/2022/APT group Intelligence Research handbook-2022.pdf {""page"": 89} Shathak 81 2021 年 APT 组织情报图鉴 6.1.10 TA551 组织名 TA551 中文名 无 组织地理 未知 别名 Shathak 历史目标 欧洲，日本 目标行业 未知 发现时间 2021-01-07 最近活跃 2021-10-21 动机 信息窃取 描述 TA551（也称为 Shathak）是一种基于电子邮件进行恶意软件分发活动的 APT 组织，通常针对英语地 区。TA551 分发过 Ursnif 和 Valak 这样的信息窃取恶意软件。2020 年 7 月中旬之后，TA551 转为分 发 IcedID 恶意软件进行用户信息窃取。 知识关联 报告数量 威胁指示器",
1.0.0,actor--ta551,artifact--sha256:bdd1e2876da4ed33bf93a157c3ec735ef6a415a5888dd387c720b5ade0e91b85,observation--sha256:cca59670c1db31b30a67451a1323a5cd2e70ae25c05769764eb8656f4bb83f57,file-name,handbook-2022.pdf,handbook-2022.pdf,candidate,2021-01-07T00:00:00Z,day,known,same-record,,source--ta551--a793ec3f0d3326bb,actor_profile/evidence/ta551.csv,"{""row"": 18}",[],[],[],[],0,false,medium,TLP:CLEAR,csv-row,"summary/2022/APT group Intelligence Research handbook-2022.pdf {""page"": 89} TA551 81 2021 年 APT 组织情报图鉴 6.1.10 TA551 组织名 TA551 中文名 无 组织地理 未知 别名 Shathak 历史目标 欧洲，日本 目标行业 未知 发现时间 2021-01-07 最近活跃 2021-10-21 动机 信息窃取 描述 TA551（也称为 Shathak）是一种基于电子邮件进行恶意软件分发活动的 APT 组织，通常针对英语地 区。TA551 分发过 Ursnif 和 Valak 这样的信息窃取恶意软件。2020 年 7 月中旬之后，TA551 转为分 发 I",
1.0.0,actor--ta551,artifact--sha256:bdd1e2876da4ed33bf93a157c3ec735ef6a415a5888dd387c720b5ade0e91b85,observation--sha256:0eb189067a66a354ab72b792afb00a9f72f023480405187275a95ed099d8e0ca,file-name,handbook-2022.pdf,handbook-2022.pdf,candidate,2021-01-07T00:00:00Z,day,known,same-record,,source--ta551--a793ec3f0d3326bb,actor_profile/evidence/ta551.csv,"{""row"": 19}",[],[],[],[],0,false,medium,TLP:CLEAR,csv-row,"summary/2022/APT group Intelligence Research handbook-2022.pdf {""page"": 89} TA551 81 2021 年 APT 组织情报图鉴 6.1.10 TA551 组织名 TA551 中文名 无 组织地理 未知 别名 Shathak 历史目标 欧洲，日本 目标行业 未知 发现时间 2021-01-07 最近活跃 2021-10-21 动机 信息窃取 描述 TA551（也称为 Shathak）是一种基于电子邮件进行恶意软件分发活动的 APT 组织，通常针对英语地 区。TA551 分发过 Ursnif 和 Valak 这样的信息窃取恶意软件。2020 年 7 月中旬之后，TA551 转为分 发 IcedID 恶意软件",
1.0.0,actor--ta551,artifact--sha256:bdd1e2876da4ed33bf93a157c3ec735ef6a415a5888dd387c720b5ade0e91b85,observation--sha256:780392484df09b4bfda1efe6cf6269f0cc87d3f53bf9c5be9e2b4e2f1a680586,file-name,handbook-2022.pdf,handbook-2022.pdf,candidate,2021-01-07T00:00:00Z,day,known,same-record,,source--ta551--a793ec3f0d3326bb,actor_profile/evidence/ta551.csv,"{""row"": 20}",[],[],[],[],0,false,medium,TLP:CLEAR,csv-row,"summary/2022/APT group Intelligence Research handbook-2022.pdf {""page"": 89} TA551 81 2021 年 APT 组织情报图鉴 6.1.10 TA551 组织名 TA551 中文名 无 组织地理 未知 别名 Shathak 历史目标 欧洲，日本 目标行业 未知 发现时间 2021-01-07 最近活跃 2021-10-21 动机 信息窃取 描述 TA551（也称为 Shathak）是一种基于电子邮件进行恶意软件分发活动的 APT 组织，通常针对英语地 区。TA551 分发过 Ursnif 和 Valak 这样的信息窃取恶意软件。2020 年 7 月中旬之后，TA551 转为分 发 IcedID 恶意软件进行用户信息窃取。 知识关联 报告数量 威胁指示器数量 网络基础设施数量 恶意样本数量 利用漏洞数量 44 5511 2174 3337 0 最近发布报告 2021-10-21 TA551",
1.0.0,actor--ta551,artifact--sha256:5b5cf3536c2f0c7b81573281a7823cbcd7ef948f7530871ab54b66ddaff78978,observation--sha256:8667b3ea5101e185092ce5004f983a1e36b00093d6ffa5e8bdae1b8c36a8bb79,file-name,mshta.exe,mshta.exe,candidate,,unknown,unknown,not-stated,,source--ta551--a793ec3f0d3326bb,actor_profile/evidence/ta551.csv,"{""row"": 7}",[],[],[],[],0,false,medium,TLP:CLEAR,csv-row,"summary/2021/2021-Threat-Detection-Report.pdf {""page"": 28} TA551 nt in files with any extension (or none at all) as long as the file extension is not mapped to a text/plain MIME type (e.g., Mshta will not execute a file with a .txt extension). To further disguise Mshta execution, TA551 renamed the binary in attempts to evade detection logic, which relied on Mshta executing with its expected filename of mshta.exe . T1218.005: MSHTA “Adversaries may abuse mshta.exe to proxy execution of malicious ",
1.0.0,actor--ta551,artifact--sha256:5b5cf3536c2f0c7b81573281a7823cbcd7ef948f7530871ab54b66ddaff78978,observation--sha256:4f4e32815d24926906d6f3f1ca9b0b6eb631bb94bd11feb8e805850d0729fecf,file-name,mshta.exe,mshta.exe,candidate,,unknown,unknown,not-stated,,source--ta551--a793ec3f0d3326bb,actor_profile/evidence/ta551.csv,"{""row"": 9}",[],[],[],[],0,false,medium,TLP:CLEAR,csv-row,"summary/2021/2021-Threat-Detection-Report.pdf {""page"": 30} TA551 Microsoft Word document that executes a malicious HTA file. Given that there are very few cases in which Word should be spawning Mshta, it makes sense to alert when winword.exe spawns mshta.exe. In 2020, we observed TA551 delivering weaponized Word documents that executed Mshta as a child process (note that in this case Mshta was renamed to calc[.]com —more on that below): Mshta masquerading As is illustrated in the image above (wh",
1.0.0,actor--ta551,artifact--sha256:fd7ad635354553c5a43c5c7a6e4e5fe2f401bd325b57b29ea16613f113508a4f,observation--sha256:55cf83080ae6fbd9904dda28cca34e2204f43c0a7279a32b24ba461d1e13da4a,file-name,util.exe,util.exe,candidate,,unknown,unknown,not-stated,,source--ta551--a793ec3f0d3326bb,actor_profile/evidence/ta551.csv,"{""row"": 10}",[],[],[],[],0,false,medium,TLP:CLEAR,csv-row,"summary/2021/2021-Threat-Detection-Report.pdf {""page"": 60} TA551 such that u can equal util.exe and cert%u% then executes as certutil.exe , effectively evading certain signature-based controls Since interpolation is nuanced, we’ve included the following image of commands used by TA551 as an illustrative example of what is described in the last bullet above. drop.tmp is the DLL installer for the follow-on IcedID payload. Substrings Our next most common flavor of obfuscation involves the use of su",
1.0.0,actor--ta551,artifact--sha256:4a5cac102663011e4c6ad951cf3dda71aaf51374a7ac36c6706b85240ac1261e,observation--sha256:391d0212ca2807f9400d736ee53eed249a383576b12ed02600d5973a1a697a9a,file-name,winword.exe,winword.exe,candidate,,unknown,unknown,not-stated,,source--ta551--a793ec3f0d3326bb,actor_profile/evidence/ta551.csv,"{""row"": 9}",[],[],[],[],0,false,medium,TLP:CLEAR,csv-row,"summary/2021/2021-Threat-Detection-Report.pdf {""page"": 30} TA551 Microsoft Word document that executes a malicious HTA file. Given that there are very few cases in which Word should be spawning Mshta, it makes sense to alert when winword.exe spawns mshta.exe. In 2020, we observed TA551 delivering weaponized Word documents that executed Mshta as a child process (note that in this case Mshta was renamed to calc[.]com —more on that below): Mshta masquerading As is illustrated in the image above (wh",
